Tile 2 1 1 1 1
Tile 1 0 0 0 1
Tile 3 0 0 0 0
Tile 4 1 1 1 1
Spike os1 .8 .5 0 598.5 615 631.5 546 518 546 1 1
Spike os2 .8 .5 0 631.5 648 664.5 546 518 546 1 1
Spike os3 .8 .5 0 664.5 681 697.5 546 518 546 1 1

Spike os4 .8 .5 0 300.5 317 333.5 546 518 546 1 1
Spike os5 .8 .5 0 333.5 350 366.5 546 518 546 1 1
Spike os6 .8 .5 0 366.5 383 399.5 546 518 546 1 1

Spike os7 .8 .5 0 451 466.5 483 250 225 250 1 1
Spike os8 .8 .5 0 483 499.5 516 250 225 250 1 1
Spike os9 .8 .5 0 516 532.5 550 250 225 250 1 1

Spike bs1 0 .8 1 553 575 597 333.3 300 333.3 2 1
Spike bs2 0 .8 1 553 575 597 366.6 333.3 366.6 2 1
Spike bs3 0 .8 1 553 575 597 400 366.6 400 2 1

Spike bs4 0 .8 1 598.5 615 631.5 529.5 501.5 529.5 2 0
Spike bs5 0 .8 1 631.5 648 664.5 529.5 501.5 529.5 2 0
Spike bs6 0 .8 1 664.5 681 697.5 529.5 501.5 529.5 2 0

Spike bs7 0 .8 1 300.5 317 333.5 529.5 501.5 529.5 2 1
Spike bs8 0 .8 1 333.5 350 366.5 529.5 501.5 529.5 2 1
Spike bs9 0 .8 1 366.5 383 399.5 529.5 501.5 529.5 2 1

Spike bs10 0 .8 1 403 425 447 333.3 300 333.3 2 1
Spike bs11 0 .8 1 403 425 447 366.6 333.3 366.6 2 1
Spike bs12 0 .8 1 403 425 447 400 366.6 400 2 1

Spike bs13 0 .8 1 451 466.5 483 300 275 300 2 1
Spike bs14 0 .8 1 483 499.5 516 300 275 300 2 1
Spike bs15 0 .8 1 516 532.5 550 300 275 300 2 1

Spike ps1 1 1 0 700 716.5 733 694 645 694 4 0
Spike ps2 1 1 0 733 748.5 765 694 645 694 4 0
Spike ps3 1 1 0 765 781.5 798 694 645 694 4 0

Spike ps4 .7 0 .7 451 466.5 483 225 200 225 3 1
Spike ps5 .7 0 .7 483 499.5 516 225 200 225 3 1
Spike ps6 .7 0 .7 516 532.5 550 225 200 225 3 1

Spike ys1 1 1 0 200 216.5 233 694 645 694 4 1
Spike ys2 1 1 0 233 249.5 266 694 645 694 4 1
Spike ys3 1 1 0 266 282.5 299 694 645 694 4 1

Spike ys4 1 1 0 451 466.5 483 275 250 275 4 1
Spike ys5 1 1 0 483 499.5 516 275 250 275 4 1
Spike ys6 1 1 0 516 532.5 550 275 250 275 4 1

SquareButton osb1 .8 .5 0 245 350 1 1 
SquareButton osb2 .8 .5 0 597.5 545 1 1 

SquareButton bsb1  0 .8 1 655 350 2 1 
SquareButton bsb2  0 .8 1 397.5 545 2 1 

SquareButton psb1  .7 0 .7 655 700 3 1 
SquareButton psb2  .7 0 .7 297.5 545 3 1 

SquareButton ysb1  1 1 0 245 700 4 1 
SquareButton ysb2  1 1 0 497.5 545 4 1 
Walls w1 h .78 .78 .78 200 496  5
Walls w2 h .78 .78 .78 700 496  5
Walls w3 h .78 .78 .78 297.5 645  5
Walls w4 h .78 .78 .78 397.5 645  5
Walls w5 h .78 .78 .78 497.5 645  5
Walls w6 h .78 .78 .78 597.5 645  5
Walls w7 void 0 0 0 400 400 11
Spring spring1 left .78 .78 .78 395 700 6 1 
Spring spring2 right .78 .78 .78 505 700 6 1 
Arrow arrow u .9 0 0 475 500 525 150 125 150 7
Arrow ar u .9 0 0 475 500 525 850 825 850 7
Protrusion p 1 1 1 450 700 100 100 9
Protrusion p2 1 1 1 452.5 100 100 100 9
Protrusion p3 1 1 1 452.5 0 100 100 9